5.333333333333334370e-01
9.625000000000000222e-01
1.278431372549019507e+00
1.990407673860911109e+00
2.320987654320987748e+00
4.280701754385965452e-01
7.600000000000000089e-01
7.428571428571428825e-01
2.427107959022853034e+00
1.917647058823529038e+00
3.696774193548386656e+00
3.925619834710743383e+00
3.381147540983606259e+00
3.955479452054794898e+00
4.281690140845070935e+00
3.630094043887147404e+00
2.934027777777777235e+00
3.640661938534279329e+00
1.925000000000000044e+00
3.186022610483042694e+00
4.159090909090909172e+00
4.641975308641975495e+00
4.929032258064515837e+00
5.234159779614324215e+00
4.508196721311475308e+00
5.273972602739727122e+00
4.583333333333333925e+00
1.593011305241521347e+00
2.079545454545454586e+00
2.464516129032257918e+00
2.617079889807162107e+00
2.254098360655737654e+00
2.636986301369863561e+00
2.854460093896713513e+00
3.165467625899280879e+00
2.420062695924765084e+00
1.956018518518518157e+00
2.291666666666666963e+00
3.017647058823528905e+00
3.395721925133689645e+00
8.000000000000000444e-01
1.443749999999999867e+00
2.985611510791366996e+00
2.389516957862281910e+00
3.119318181818181657e+00
3.481481481481481399e+00
6.421052631578948455e-01
4.748201438848921541e+00
1.114285714285714324e+00
3.437500000000000444e+00
4.526470588235293135e+00
5.093582887700534911e+00
1.066666666666666874e+00
2.556862745098039014e+00
3.980815347721822217e+00
8.561403508771930904e-01
5.708920187793427026e+00
6.330935251798561758e+00
3.912037037037036313e+00
4.854215918045706069e+00
6.035294117647057810e+00
