1.168425559997558594e+00
2.427076339721679688e+00
1.589740872383117676e+00
5.349599838256835938e+00
1.885124921798706055e+00
1.831797599792480469e+00
3.054851293563842773e+00
7.116937637329101562e-01
1.031418609619140625e+01
1.283712482452392578e+01
7.735250949859619141e+00
3.428987026214599609e+00
1.289124107360839844e+01
7.652856826782226562e+00
3.576293468475341797e+00
4.437161684036254883e-01
1.714929580688476562e+00
7.813198089599609375e+00
1.200988006591796875e+01
1.376182842254638672e+01
8.695410728454589844e+00
3.510588169097900391e+00
