5.601937770843505859e-01
2.354160785675048828e+00
9.396277427673339844e+00
1.189334487915039062e+01
6.791470527648925781e+00
2.741325855255126953e+00
6.540472030639648438e+00
1.456517124176025391e+01
1.194746112823486328e+01
6.709075927734375000e+00
5.364747047424316406e-01
1.045594120025634766e+01
1.110171031951904297e+01
5.312411785125732422e-01
1.142537117004394531e+00
9.851322174072265625e-01
1.076681256294250488e+00
2.875603437423706055e+00
5.871042251586914062e+00
1.403868198394775391e-01
1.538354110717773438e+01
2.962946891784667969e-01
1.224135398864746094e+00
1.094800376892089844e+01
1.200852108001708984e+01
3.290891647338867188e-01
-8.421989679336547852e-01
-2.210065126419067383e-01
2.561163902282714844e-02
8.988286018371582031e+00
1.675635147094726562e+01
8.577560424804687500e+00
5.518447875976562500e+00
1.285629653930664062e+01
